5000
811228	-772193
831319	-638769
658092	-884489
263085	-832897
-83704	699053
-632002	227220
-942799	68655
-921496	-212450
772796	-502567
-131390	841600
-884543	-119143
641198	-3592
736252	880538
33921	-275244
423204	-73530
-27656	924063
742420	-758372
411749	212855
904416	187014
480790	819659
420491	89631
931093	847403
-472586	-607267
221302	-467372
-90713	726150
-959527	-801688
-265755	-406789
659754	-341998
-233568	123362
-884013	759884
-461246	241008
303750	-670282
-639823	-844128
188293	-137627
-165615	-464706
992387	796813
85907	356365
639533	-410486
-429651	-216355
-517598	286998
-563648	719798
-905276	636782
-71317	-51338
991675	193476
-73743	311423
500775	650512
-595432	945978
563455	430218
713084	-813879
-991430	-322731
425332	611812
701488	-541457
-686683	706078
-690091	-128371
-268726	509837
-864591	-551291
100128	-403117
-351546	-851005
-132973	-260807
125248	-284501
-534193	-835895
-922121	-608393
-616886	-49766
-541293	-771951
-212288	579028
-288462	-675595
-4160	953823
683339	34300
-694558	-923992
642079	-697037
101087	82177
267656	-76242
53116	350940
450165	-687229
21480	-130605
863441	416217
297952	-444707
460806	93213
372002	243703
-828382	-927694
514497	-461269
-855546	-729844
903487	633960
620225	-799238
169960	-22414
-792067	-764849
-397234	811609
693103	-130297
986050	-402267
837036	604425
-794266	805356
-144987	88526
-242170	160789
180959	-600758
-548711	383469
-235828	-88988
-436350	719204
-512991	-562476
703505	-977834
170059	-735669
229341	-574141
576424	448983
-319822	617731
94760	153945
247591	-281942
-876020	132703
-548316	-721928
-535932	-462863
-359206	216974
-474310	-423869
-144045	51397
-709471	-781429
556549	-116200
-485091	-927746
54992	-252830
-893189	790363
-911580	-916680
964105	-548820
-55778	-230207
-87901	-926711
-217384	-401537
972906	41510
756407	-31352
-456878	-304085
400967	-356004
70688	-587273
733615	-675383
-315116	585533
-649865	867924
-476141	-821530
-784274	409391
-678333	-380730
-344454	6804
903521	-566540
22992	-654001
-542821	775157
-740937	-888049
492681	-976447
-317504	-960418
601687	-478179
219016	-900633
-688230	552308
-481531	362635
-848601	140857
609817	764786
-130268	445238
-659147	-684252
532677	-288221
266980	-240310
872809	-881592
-739321	208349
719642	-788756
-741857	836994
471591	-584158
-513424	-961783
-36776	-378408
-839417	450146
957391	-489278
855730	165344
-626142	-474821
-594741	663442
-245625	-836005
-612742	-786460
583468	8218
-585039	-904008
-351934	-386000
266014	968399
-86039	543360
692108	-150795
-831656	-176395
608514	-71054
320789	695561
249486	444037
630413	864547
815165	-544149
-639212	118887
-213233	-295122
-8654	-318556
-494760	-943866
294072	882130
464341	889381
-158833	405830
-533904	90344
250885	-65028
200045	-849116
-807416	657793
-892022	-969891
-143739	421759
108093	-358474
-883533	711170
-833063	-296816
-865338	-558763
-912281	932457
486343	-493497
303859	28189
649757	-203381
-10614	-643851
862675	217787
-876691	523363
135271	-7361
263116	-847261
-490768	-236465
-42127	549580
460759	652224
559715	-50650
41785	474299
-256579	340086
-994359	607931
474211	915244
306834	-60107
-33071	-723149
935471	-673724
-870057	743086
-570463	-974515
-493752	-399489
-199107	-142442
-696437	-204212
-861406	940928
285503	-546897
813539	-242982
984351	-949845
613866	-315141
247489	-331029
217592	864382
-960454	-75841
-723426	-95427
212667	-623787
668605	532050
-64	-3657
124772	-500339
615472	631961
-92545	-198416
-226119	-472997
-774761	-762361
502527	-634203
930749	424114
-351895	-901098
-355102	-629965
-862155	-416595
668645	734625
-801329	314538
972420	-725753
-142117	-342735
-523412	-131655
288733	443152
677368	48802
-138599	918419
-766577	-488645
-414272	394696
-127632	-412197
222094	251891
28377	-901140
937633	336132
276436	502074
-922678	610272
-498301	-482870
-226963	-304029
983205	-322891
-915719	534298
-130725	340695
124391	461035
-721312	525022
784433	735923
583539	636108
-871608	919461
86855	709207
-481189	599353
796518	-467697
-66709	-962029
-770133	363866
618916	-595516
-383910	95827
-828440	-128073
45172	512248
170175	853356
38428	-271492
168658	935159
-714447	-371831
966355	272001
605983	803826
-84197	134533
-546390	-819488
-483174	159545
26423	755167
-470045	971962
-885715	684139
491039	591632
-935477	-804439
-516066	335070
861943	-52459
-978	-272837
162863	729708
454581	837480
722695	833281
983763	-191803
-811051	-733457
279039	-862701
-426886	-240061
-296123	275897
-83352	396971
429321	-50935
-729050	-137528
-308093	-878929
-753850	12123
763678	191181
333567	-349084
528417	113422
-15167	-555619
247235	-153566
691943	-651029
-895689	-869091
-586822	-910214
-158045	494054
260882	461695
-850093	-894442
-475586	-650741
496248	638610
762648	52342
-534140	-593511
-964810	-485778
196788	-674817
793621	962345
-525248	758034
-93272	668574
-600895	-100690
936571	-189561
462446	-170292
359918	242725
465345	-968055
-249798	426235
-31699	261238
304775	503015
724005	794003
242303	-212779
-80103	-271038
-465287	-726448
-298594	-502723
-817342	-130505
435784	186214
928332	-671576
-689874	799615
-898663	384104
-687945	186758
-683063	336948
556131	335309
878887	225545
-808374	87617
-575768	178553
783946	-99491
-589161	-903889
-155349	-436363
751528	433990
260928	-890786
540876	-199037
-631936	-962048
240415	-967363
720683	-558881
-19113	604605
-784345	-897415
-779961	345516
381729	-999179
671457	866723
70709	-851816
723905	328174
-368994	-460523
-131344	958647
851793	-188387
606226	-415750
370744	246365
-867932	534291
-820544	-462722
750236	458993
-11863	455108
-692704	849919
-986279	-546770
276137	-780347
-382458	399614
874278	460906
-669308	-718303
-444807	888814
-636621	-471007
-64834	929996
-591485	893119
-634949	-732857
706885	967112
-649546	-131242
653368	64116
-867081	-338729
-1498	592947
-167591	631974
486638	-433194
-50417	993547
707213	-892391
290940	-474317
-641165	-185026
940440	609657
733370	234495
323115	964443
-698494	699935
-650247	9660
441976	-109805
-102121	251131
-664690	-35071
616058	856539
-426957	-722995
328834	-925342
907367	481319
702799	-430476
-132165	-180039
78915	630749
516848	167983
917803	-862522
264326	751588
581214	460975
90866	-883028
104416	889956
113660	72237
-177261	731039
-792179	-981795
-442631	99356
-19770	890001
729391	686010
-413740	-36465
630276	737529
-131422	753132
597759	-560906
-672202	912281
-255106	-155336
155482	804880
-941959	11718
510106	-503447
984839	-339282
257693	169287
740362	-817243
550246	593733
68493	-84669
792939	-766287
627707	-615169
-195641	-288787
-590708	-325702
99755	202382
-898892	685772
-17337	751015
-533950	762788
-510301	636082
-936359	701864
748637	-44799
-285706	726914
942102	-785729
805333	812077
569003	-828836
623891	-316407
-483938	-397581
416466	129279
22206	-735918
-988036	721449
-60456	972245
-258815	683581
80742	551313
263957	73914
-555054	82676
236959	616933
-33191	-948711
104458	-39953
456988	-696101
151627	-969268
290195	-264915
515604	-224849
-122139	-46140
-753132	741920
-838295	16861
568159	-992026
-639705	430671
-383722	211132
-572645	461856
582450	330818
-968055	-437632
-846915	712286
-921144	722697
-936120	447982
-768847	-373671
739970	-208368
509615	-567501
653340	-506903
-794039	17804
209406	-851300
671855	399005
-487735	988754
-550872	-220579
-388963	652677
-820231	208236
62149	-64318
707666	-653573
333955	-352678
-100532	-457879
-350060	-467652
933479	252788
-950859	-784613
611899	90847
-943615	614820
-81960	584905
68732	-140236
-91472	494525
-949535	-9387
71337	-626363
-764002	-843409
881679	322262
-343849	791836
338767	-507914
825255	-202005
891635	111349
-334557	-2997
-930664	979109
863335	458965
-796466	992054
-454356	-43077
365301	-836129
-83614	463893
732950	856889
-684372	-58053
668319	-291061
-385065	-815658
453138	332270
-971221	-346186
-773279	-61000
938141	-284944
-495985	-416228
-65386	32434
-551528	-755076
-155643	-869333
-260987	-976156
158945	-890853
349361	362069
-187122	98852
779829	-635081
432352	833259
790696	-459268
-7455	-337196
89245	245346
-944316	-496716
-509223	-617656
-87059	-443284
948496	-713739
-487742	-213347
-743109	6468
-666814	-796642
-187472	-524549
172390	-918737
-329142	474609
430187	866728
-392300	-447937
756219	-145121
240584	-637718
-980579	146258
-114757	46698
306113	482039
100457	533393
-643976	384431
-190320	415328
932988	-379686
-163887	25375
-820808	841248
-507531	-846058
-95134	-521868
-323612	579700
-314037	651757
-206164	683611
-358499	-32194
-931253	-577767
960553	-337904
190821	-208516
-81041	-941097
-11180	-377648
370882	-433861
-298604	-127460
601440	413749
997029	-339636
-56730	-467946
128900	-310338
179137	340681
-280296	-779229
438393	236157
213312	668747
295674	-160645
631100	844515
451420	101963
661023	12941
-26599	-763220
965333	1924
-868352	629681
657900	-265869
-554845	-372001
-851032	-656259
463516	946031
276193	416268
600489	-911984
-814798	-137211
113615	480559
-240489	-391857
627205	-134198
502776	323181
419222	517148
-434178	-435240
-731624	-534522
687913	-327046
824465	-89041
625518	-713569
360629	74836
-159338	78965
-904377	-335473
-476056	-533630
852594	993160
-898648	499397
-623119	810645
502004	-174938
289886	-79173
-773229	529066
-248854	180883
321454	-511076
812986	-602310
595744	-467107
-920539	-997544
-166665	-574357
-703350	-809253
-589357	876295
159076	474766
-845363	134477
73019	610838
-684081	-533820
356533	513468
-964517	-212759
809744	-540409
-511656	-328709
-874085	-174966
837026	-142473
804245	641440
548375	-392117
95812	-502958
185029	153626
-702071	-461617
335572	-77709
-624670	885510
-254549	206517
940453	758011
-443307	142271
889455	-414647
673324	-395298
876789	359308
33788	-14123
524125	-399720
-35038	-83953
917583	721224
221106	729792
-485467	31958
-291916	492056
-610617	-617188
510092	-724330
136885	-419546
849286	401324
-588749	819998
-671130	-435072
636568	-862014
539686	313708
311153	-227146
787374	886546
-991742	788196
818846	-344800
-606145	232364
330462	90794
424974	-299437
-609438	96038
24747	366294
397325	-125994
-564892	918142
396860	495346
342767	-463248
63246	450975
-388113	-92509
418929	-678693
-587210	631970
183439	407450
176808	423047
33693	-392249
719552	-815571
-779180	-742551
-868422	-982663
851917	-640222
-464531	660516
377649	562649
-935932	112477
-674178	141682
645613	81594
-836685	-906193
-331767	-220586
-232737	-525112
905648	960939
-330463	104366
-637246	768048
725746	-11377
-280532	641384
-529003	200332
221061	-990628
8962	844889
-769668	-760204
-608769	201898
646514	751156
-370604	-81103
387231	-254597
507699	376419
156551	214091
-741912	-972531
-219666	-967537
-15334	857039
586064	-569161
409649	-829807
-872654	321133
906020	-457202
-452336	-672073
-737874	279971
846196	-349399
44607	-763310
-310946	630526
592268	785549
-135980	408342
-572683	383728
-433284	-706316
-126396	48725
170352	-58773
-833698	-783382
825799	-444303
-664478	438673
923829	-751557
7713	-90534
440946	431278
-671695	215110
-527618	454209
-895736	-483194
-560767	-593139
974322	-431744
-828912	595524
-347209	895945
633590	-404419
819549	-36132
-358495	578649
498030	-537225
661868	-484833
-255601	775583
139423	-401330
119545	603816
-568157	-908117
992854	-215459
-896786	176450
375905	471844
-169139	-887155
734360	-547525
-986753	356283
599000	-32477
-777389	472692
893098	-40022
241468	573536
432251	-905502
722163	31194
-522357	-650043
-359307	291427
-737353	99527
-495544	347024
-86146	384838
-834430	-950697
996554	-594447
-299039	-13617
551220	-226245
-716095	540224
-969592	-192383
-68095	973541
994406	633820
-571838	-296755
442227	583852
-199595	590739
-602812	-952231
-481026	713677
346165	-69746
-119399	382013
-37047	656787
-923050	-526962
396676	35826
-628688	-813218
-60531	-900916
-515753	-911238
608730	626895
277003	349816
961205	-841280
-7811	573124
-807229	391052
-776528	-620131
-59383	-638718
-845623	-945764
-421548	130369
465198	864177
301369	-228207
303654	-85077
-41663	808227
362500	199573
870647	-300329
178935	-929857
-845257	129579
542008	-883849
-608852	-185168
-799018	-658015
-342208	-756954
-687895	-192419
-906266	487506
-570762	-983278
769630	699415
-528371	-126949
457280	-106431
-98589	-249594
483266	-916211
486699	-279608
314848	265714
-454123	-513304
451604	-309719
-130424	-116662
825541	-216836
-751705	-751346
-438947	943419
405835	19011
642056	849439
-907723	-908517
591970	914908
-138790	-714947
710474	470444
834679	561480
-227107	-415091
308817	-245428
-471760	-653415
-457665	-128403
430478	31969
997358	925978
-979500	-938446
44370	136012
865001	540125
322340	-972471
164473	-680982
-333920	429800
-64027	201176
-620283	-32967
422395	101765
-459854	711625
781836	-947551
933882	683484
-702712	-199363
-114893	454017
-611756	598544
528580	53096
936993	197464
783586	-493000
-87442	-368617
999461	28303
406444	-740575
376756	-458710
-796126	-833040
-82636	-892604
-914042	613043
692394	-799145
-496755	637700
107773	-225406
-311843	-179834
989745	-688791
660354	851538
-112336	-448254
716317	-43795
-705501	-630089
597740	502507
-913832	-181456
-964209	219511
235604	-78239
510792	-857568
930182	804990
332282	-137644
-84478	952394
48083	879114
-890036	-605370
-221786	-17836
617265	524976
-215372	-874606
-358361	-130327
-930117	878795
-620266	700420
-437447	-850609
248513	413819
199599	894575
-593313	-500325
722052	455197
-179021	-684843
150863	74320
-521185	72616
600231	779909
497198	-647840
-832530	-326759
-236656	-45581
-631493	879685
-582097	146582
299462	310758
129512	-495296
774658	-896209
177457	341517
-995932	360455
126678	-401608
480676	-682257
-308885	27308
943244	-816582
-579830	990565
385689	461792
364681	-435053
-43344	-728386
-828510	-334549
-937317	-504373
179938	-681702
812053	-393639
-215020	-433106
-959607	-839884
598433	-289613
-420084	91407
962629	116068
-940300	-28478
854633	742933
2044	787597
939578	-88391
405053	152631
906252	685027
830899	551948
-802764	799739
668587	-28106
-871099	-831952
-393876	613356
-814883	-757781
-368374	-696941
940568	-87955
-580543	-624753
-205948	-732600
763262	61405
-564888	458744
682198	337118
-187099	778038
-477732	584857
220142	993219
-133976	-559461
-327216	38253
-438017	19339
133884	808195
-645520	106080
295797	-231754
190280	4188
339182	996008
-751000	-282429
589459	837778
226751	-264999
-258725	-261292
-446438	669122
85775	535049
169350	850424
768031	97185
-309571	-197098
-441020	-744646
-585176	-783748
-823550	445132
405187	202861
772882	572677
-149044	148251
-121434	-278365
-530150	146951
-542511	982989
91906	-296604
632804	342541
712165	-294458
-533590	-406470
451153	-604866
301382	521827
777922	167395
401265	594358
879188	682342
-988754	904782
-469709	-195931
10179	163758
580926	-433030
-477802	-859872
878196	945218
-388447	849922
-717105	-866568
-674861	-42744
-683811	-573960
-823517	624789
854428	-960940
-930563	597187
-729903	-457051
175058	576302
781801	-636814
-285846	588074
-753482	-512043
849509	492653
-458103	-964201
477206	-36616
-548563	-593266
868042	-12517
218392	818394
-73553	-260560
257729	-263670
827108	678065
-887559	75585
-29792	-717424
785118	-124395
586248	-869341
517379	-290822
711383	-624694
432274	-892680
644664	-773861
71477	-704101
625647	94959
712022	409055
-834026	-326790
-103753	-893729
-640385	742631
-464660	280554
-484458	667127
-122456	-644338
833925	127840
582630	-921446
-738863	927122
119925	-599732
-242245	139186
-292116	601360
-977130	649126
907627	796758
870070	200473
-491078	-277194
-234494	-616852
-64442	-98362
870129	-943048
-406814	805279
386130	852476
-652590	223912
278403	435791
-235575	-940757
596254	436615
-638697	-418683
-620800	151026
-709807	161315
-766841	-923725
-129362	-798010
272670	-928608
1054	-984125
-171870	316564
-379349	28366
-93176	-183708
-300144	741119
-541396	29158
96725	-826788
470408	-129809
625458	-603761
-486474	143227
787397	-389896
987440	-667469
-70126	560521
361770	-87616
549008	379396
-984660	-65643
205326	-308190
362799	-33443
312489	-388290
-311419	643600
620425	966284
-912983	946765
-537722	659965
-465689	696363
-873767	115249
534747	741969
656162	387187
910940	-544924
859604	913417
969199	-581143
711212	413895
-457223	-600052
600784	-976344
687606	482404
-619330	28487
284570	385160
962612	-601201
-519312	-833718
853780	818107
564034	142212
-781603	-560369
-91967	556175
458812	549959
-605227	-899751
642058	579092
826689	-359936
713248	-303439
274	882715
-180375	-999602
-487862	-166333
-257984	173443
46575	-323396
-198636	246644
889852	608385
2919	879798
407688	-847516
448527	-776409
84578	757402
-972196	608661
564874	172600
207456	971069
308129	-438803
-137157	141614
42407	-12270
444766	-197117
991406	549954
947918	-594983
-780629	199147
-585268	-136436
393824	175116
638836	635567
435229	-599416
-212425	-922646
-65946	911197
-387051	-185735
38808	770818
-394205	689950
-590491	-289741
916250	-695014
-28306	58693
225675	43457
719741	867486
-113025	-756598
529135	16902
645409	-983775
-391426	434384
-869495	-540282
122321	-718507
98332	769437
-628236	196530
-578999	-135438
844165	-754872
-113590	217683
605937	-95677
-144804	373001
415702	795312
-177171	-252708
176375	356410
-378893	800908
749335	-813785
-564718	-453547
-961449	880451
452090	-369285
-792914	522120
-538898	68015
-591562	657714
629313	-677605
-992176	-77410
804747	187188
54870	339058
-419272	-698647
920616	996884
230187	-778730
-22991	666651
928552	448381
-275705	852285
-553105	-568964
546759	553926
-599141	388622
916477	-838446
991613	25407
-676618	-712914
242078	-101384
-728824	798463
-863682	-520799
175984	-130256
-405163	-476702
-688032	372622
-475124	832817
-243002	-866540
2566	520735
-419963	274942
-285086	-412130
-665895	812679
797032	-894063
43704	397797
-468051	298638
-731848	-442928
895119	-630358
-764951	-677189
-674064	-714786
234891	447737
412330	-45064
866970	-901939
-356812	776307
-397486	401246
340519	29668
-932807	-732211
574031	306986
-964726	-601541
952014	-600971
-669715	-317148
428708	-757276
870360	375466
797445	-353042
502254	460278
-793277	-230463
-239187	482444
261987	-272333
-556321	229739
48709	-395957
-238160	405135
226442	-87316
671870	854003
-926910	-992540
911771	424970
-37756	59146
-926970	-424375
-334621	270365
-145923	233967
-654696	-436866
-647313	-652126
-857949	-71578
-308811	615400
-371504	-805756
968031	-335600
-808642	-657969
-367063	738594
282305	-957788
560164	484444
605684	-750659
963447	-707991
-2436	985467
401364	564609
-588625	-22041
484387	-436664
-294955	-914615
-923090	-649759
798386	-679790
398254	-343713
-977809	-416626
791083	-678317
557637	-107564
-676221	-750943
-809678	-750666
-617624	-799338
390752	96563
865964	-32093
86250	116461
-24304	-429987
-86563	-24962
-635754	855421
617129	202898
-579406	187987
-588522	-845906
197400	949361
-621818	557385
989174	-366968
894644	935689
90141	345598
-950019	-122242
-813113	-310801
697100	-117649
614876	-216273
-932328	-835800
-273160	95357
887366	-56301
413195	774772
-109797	615812
346437	-152542
690798	866809
373708	-916280
256240	-391256
-63690	-451949
-177621	636331
626788	125323
355819	719522
-117237	498326
-660194	502081
-382034	-258617
562569	558431
-789660	-747703
341256	673354
523633	-893759
-701614	401620
-976751	347297
373790	227134
14972	-324338
-824583	-285989
162257	-611508
-412320	830009
-868303	-442480
-219874	-732097
-203937	14535
-439045	351687
561203	-476688
101307	231867
515921	-141518
373757	-855661
-420311	-451721
262603	163544
-528785	917140
95104	406565
976110	287210
-463553	-353716
-207818	-227404
-492992	914300
-910497	957224
-170914	97050
318331	727069
36175	-770441
732718	308793
-791101	325341
-668814	-243255
247600	204104
353074	935623
406499	381878
-953083	-962480
-342713	763776
-18869	-627225
483535	-455967
468661	20571
960015	-723329
-478460	575545
-345725	765671
-609566	587788
231148	-66570
-266733	-567662
-898500	-641899
703468	-558336
-507175	854386
-637448	-881581
336958	-695760
-770293	-169250
-965266	433797
-473239	459544
462785	565605
281048	-456079
222859	-82595
-944527	137929
600146	886194
-884392	-233562
90662	196463
-964263	537093
180581	-370235
-381465	-860877
-27872	805153
48687	307358
188507	870452
618066	-654403
793892	-152628
475367	132562
-442000	416806
-924185	850851
977565	-63148
-80301	-777303
-993342	-930579
505035	252435
-320397	78379
255470	-734625
890109	-562416
536665	441441
34596	89286
866255	140241
404114	-252282
309523	-304638
-457400	-611160
-555830	-883360
-540330	-475924
997522	-417700
-372038	893665
641325	-50956
-283487	239575
780765	-271666
-241830	-591619
-775083	929806
494418	-841943
-960064	-482504
975570	932344
-179959	-888486
-13746	803891
-552854	673844
265443	-40458
-197382	-264839
737551	-173110
-443640	-36552
-527194	-856201
863884	-930829
781442	-999210
-679237	-945907
51740	358984
533108	-882118
589652	-936477
-987370	97203
316049	-200880
432377	-468185
-725475	-77628
-441370	-675988
-332313	-536800
988320	883013
-263417	-374653
742897	-781967
-874678	-814087
249617	995891
-733505	843267
360552	378060
392455	853155
971228	-605556
904612	320018
-84958	987435
-130379	838444
-337172	219375
-41307	-6709
597004	997495
727242	553508
475207	-305170
-170724	389746
-471704	-572438
-467673	716728
71544	529485
158161	-711011
98772	-841299
991277	464812
-961066	161152
-87962	563369
-428502	-729677
591432	471437
-77664	166222
-11099	368114
251728	569267
855215	673123
-330000	258151
-699899	-140107
-562703	252252
-663145	-816459
-740518	171684
-259847	-897736
622411	391865
-92252	431547
-91424	-583036
-637223	-786487
471409	-659304
-958603	-755877
-68260	926562
-415061	-320407
-526822	-376248
576664	-33219
-541594	-750707
-877163	598347
-710321	-834305
738106	-401096
941594	574851
-418691	-936882
954631	967411
131687	1043
747074	-432909
-480206	658697
-561310	33138
-141959	-791198
-100805	163151
-106247	-821516
509014	-202646
423570	779621
377686	-335402
-719578	-697973
468118	-308722
840378	-302131
-561034	-16830
482161	-148314
638228	-864477
-813829	671402
-480920	623996
638316	592696
683926	-612538
-234235	408002
131190	-710464
184309	-680934
-176786	8548
-849225	-872586
-128185	902841
-878184	424561
175605	-575478
-349321	540327
-354464	-918623
231424	-475433
-88845	442850
26552	754008
-471397	-769077
314152	-457173
954302	-356249
302290	568651
-142712	-170929
849366	984178
575537	947303
943847	-930279
-281773	-28947
-75450	-583982
-882782	504077
446214	596768
-457033	-474362
-977402	614806
428548	186074
947525	-874450
725526	431530
211879	575205
75175	171101
352840	254509
64914	-538322
-890998	679516
222909	569498
-897804	-608017
604069	-365094
-939929	-548369
-267552	-151856
-358015	179611
-715885	349965
590276	-770059
-670550	325729
336171	-354511
-536136	-95133
420594	194617
-40023	109633
33813	-139853
310134	288881
51077	-466929
517245	-218322
-716660	-929156
-813527	-665942
-589170	297592
630605	-389622
54276	628375
338483	-351494
307584	504242
-9143	233039
720780	-869067
674351	-286332
-787808	-389948
-424291	-254517
917855	745949
-33645	480413
-589838	897365
-433435	100692
-637385	-122550
-160455	741758
-874259	-575172
422405	-117014
898316	-105209
693158	389964
699133	-152071
856141	-255018
565856	872597
-107454	830126
-704	-259441
963040	378700
-578510	-994917
-716318	-842814
393295	-722688
-273099	-661742
274723	739682
322137	512828
606579	-533192
-485668	543720
819787	-458536
120329	-83346
239823	56652
-118336	919135
-154774	-317006
705666	-576179
-126328	-268021
626831	-458457
134756	494407
-444498	-77848
763770	683172
144733	226446
950751	960099
-868401	-79136
852476	652199
345872	-329701
659465	-390909
-532979	935636
-126546	830830
-948282	-158822
-577699	-143236
209038	-827419
-205708	-822550
-907966	928460
597643	366473
389016	-227899
-962780	-706160
915130	-928406
-271657	-843902
601200	759663
-180555	-220374
-777980	-127277
-546562	600339
-401746	919493
421120	421482
360837	387620
50626	-16958
-795115	245061
223681	-151464
-880026	597638
860268	-852873
-39519	-77758
681079	-2376
-2285	-999700
599306	-269824
165716	507981
615954	975795
-568002	-146664
713299	-144086
176896	483435
135648	407377
-1443	971915
534891	875275
450109	910750
-522746	-148607
-914113	554597
990188	-762691
43444	705258
-477087	293307
-84086	480831
-864809	127053
-666271	579015
633542	-437394
977854	936231
276322	-408763
-127448	-725538
-396894	-368853
71336	-137092
448110	825929
-119724	-596857
-408556	-885944
-299840	726083
102770	93560
-33662	-203499
452890	-269902
403611	-454700
-395375	550607
-977608	663755
873824	-786839
-457556	-591064
-974233	-613301
-169798	-596953
-151576	-762223
-372410	-895748
572776	440007
777349	836289
-185165	851607
-121466	149058
-1105	-33681
988358	-939398
-93204	-675461
-967645	-201108
21231	572819
-297471	347128
660379	705612
296078	796956
-494390	-23506
-252655	-261170
766533	929301
808236	247999
-730525	-917993
768357	-984651
339113	-850155
75961	-758568
82163	264200
992720	874638
-605181	396991
-355304	219571
558769	-299241
-549514	267277
-55409	738209
-332386	902241
-556167	-599828
592113	323409
366957	-707274
37569	-994147
-904062	-721396
429548	-57567
-486215	-985447
-959494	-164186
-39364	787650
-656312	-447417
524683	700002
-570048	-770873
854246	665626
-469428	167439
152693	948603
-89428	-357004
-450521	461003
359065	579362
-123855	435098
-929686	-294141
439925	-198305
-786102	755906
-288971	-862571
-778375	-747769
-494491	763714
-454240	172413
325511	909231
-170943	-142718
-126723	769223
-900050	251125
-466486	204413
531139	5693
506501	210203
47388	867262
-78588	-826588
909611	355374
909912	-950032
-457243	936002
703985	-61895
229294	-95420
-142443	-866715
-916818	-480552
-560225	-657005
486331	387369
455689	-369405
193890	367168
-808975	996106
-941614	-610547
-624631	-61720
-875266	-647636
-523466	-85131
133643	-757444
-765671	601802
-990212	-418399
-504557	-227481
387207	-264248
861991	-589440
523358	-6460
-8661	-219256
-629228	255989
-75336	181484
12365	631987
-300135	-168084
245155	654512
-760408	-881245
-931795	-882885
-335320	-471379
-137373	566338
-269975	977837
-358777	334030
-134639	-188537
-385934	9116
-671750	-175898
-974797	204379
-977413	-750285
-901128	847070
-14163	-135473
48800	-359664
942954	13982
106598	-932541
562754	-534923
242567	-488436
613161	-427723
99790	830585
-60515	856805
613734	-809856
-658657	621226
983000	-860133
543586	-790449
-231945	-25481
32049	-852625
932494	737409
338150	616118
-612176	-515040
452856	620684
133696	-656450
328714	401853
942970	-142394
-570204	-352514
507570	-865265
675862	-213448
646961	2816
462573	565312
5439	333877
842789	-876081
703449	-942719
-763320	224985
-497948	546538
-615250	1268
-359631	561312
-993345	-62416
47483	-523453
639810	880728
-668986	-331715
34052	379029
-951806	615054
-184715	-116698
-348763	196331
912461	577225
-911430	859035
837929	955439
281866	840545
822493	-125670
-371844	170777
704446	-858362
587175	-602280
46843	-342100
-911076	738422
-295276	-976294
-473630	-395100
562588	214326
77931	-282044
479030	-79820
-283590	825642
-262901	-726559
-970136	559795
-468995	943789
-60017	267306
317398	535941
717855	-674360
245733	405479
-345694	385792
-142503	321905
984159	326568
-470833	-369212
280068	-134617
113546	-762900
-115462	-720623
-888064	-960481
-468835	-236335
179288	-714117
449588	-77997
344131	230334
-105365	501059
547289	-27395
715643	-845164
139225	-67605
-120779	714588
-275052	197313
-24907	-622638
741121	720276
385708	113194
-37987	-273495
289688	-324487
-276034	437280
-961653	-85968
-289160	214585
-239817	-21398
687987	-129670
429856	907736
677231	817772
-304679	-206714
185880	344209
-121055	497991
788447	-15216
-992553	769373
195445	-644624
901732	-443869
751474	-382214
94746	-346664
-604609	908421
911030	438997
336113	-31395
793051	298196
917847	631842
-197255	-878593
-641513	724333
-684489	111261
-328079	-752008
689856	-777066
-864149	41175
-661462	-88725
749697	-631456
919589	98427
402207	-661340
123890	-231777
-655723	639477
535866	299007
-370351	334148
243595	994972
337098	869656
949942	294380
764549	555993
804403	-917047
747733	34144
776014	503060
755372	-613320
80450	488647
-489184	134892
441195	573970
852788	-524833
902192	-914602
-326122	-345084
216722	-263813
-395368	68138
-483416	669706
-456879	-113615
695831	-741086
908219	338109
421291	346522
551690	435534
-741057	234211
-267004	-887836
989528	-776275
-598418	-771635
-241786	-62420
-456423	-779786
951522	534471
-73410	-884807
335049	357891
-783691	-80019
820567	-738335
377133	-382256
-158085	417678
158724	228112
248393	-67707
734824	-940545
292451	-705336
930212	114784
478916	355117
-711277	304465
-412386	-83655
136015	464909
-199899	286266
-847955	66792
151180	-952885
-72099	-541642
-32060	-916658
778017	-601938
-455600	-214741
753878	-612031
688864	-202740
-443438	299124
235567	395227
769276	399521
-586453	-30147
910318	180467
618607	-642982
636616	400643
-345869	350194
-453480	-846469
769000	-584835
-167252	-657428
-433399	868650
-777045	-119171
63627	875273
394570	446198
-352848	222660
483834	455422
-114813	276659
-652183	13525
-436478	-548292
-658936	-843813
-256375	-555672
99503	-470468
770019	477096
-92925	-877753
-883149	605589
-495428	-931191
186978	-468735
413020	-605082
18213	292264
700306	875910
-957713	-248046
-147393	584612
-904575	-250147
-690798	890092
303198	-665218
-437385	862670
-756436	478244
62212	565972
767910	719771
-184573	-858456
343580	103998
201498	-666640
-697496	-463161
357909	-638469
801418	539420
-78865	-641751
321629	-911591
-322336	-92488
358651	-990782
294767	143250
109926	863258
-23229	981534
32102	-672877
497628	-180065
65334	-928435
529761	146675
473657	-935642
860812	-784745
-387496	242271
-31551	-626142
5733	962717
-522492	459855
-406202	402207
-277541	-393803
-510904	-691379
650471	480542
401431	-258334
-592207	928556
-267616	455200
401543	865731
-79217	334754
-656609	512750
-988372	216397
601640	629056
428090	-133412
748664	-544319
633538	416701
253928	-488730
-450643	9484
966034	629805
-365540	55884
867024	-604680
75873	-909847
-87564	-140099
459220	682232
-25061	-359461
355819	-460685
792899	852411
-467539	220764
956445	-83642
969921	626263
-691507	-605585
-740620	702148
-80193	-27307
-743531	666416
354456	286280
-599791	907900
198509	-959807
-675781	451081
-413481	-929389
-562780	-608101
183491	-27032
-441879	171263
515254	465191
-927112	-833033
-5403	572517
-953422	-479808
-940993	-48093
-768678	-762822
236309	26187
-456981	543957
-487754	138979
941395	-910647
-950306	-386923
-766509	968949
308577	-234232
728718	-802945
585802	-215575
33503	-189762
-644827	-634517
-768179	561677
-106592	659417
-424421	489317
-283018	566241
452622	-917050
119673	447296
153516	177451
449915	-54913
-765463	971608
842224	-931534
946155	-419925
471385	352720
931786	521699
-597554	46367
-553006	-555876
-637569	-564928
-958495	-528295
307491	880101
-90505	983845
-667301	282156
553055	-148110
-661099	-795466
514335	-204166
-645844	-585219
784170	929655
-339841	-201343
326099	940168
-559585	6125
630059	-333895
-623803	-83907
-172832	-9768
-42099	867195
-680521	-114226
-856152	-986749
482286	427438
-262957	702287
805532	38556
-737326	-728585
-604973	644085
775730	-314768
-409754	572219
-92267	287487
862021	292301
486840	948943
-733955	-413578
677780	-997119
-75495	-652677
-971060	-617772
779410	-475221
-362575	81406
491353	485534
862080	-330227
563992	848508
435684	618933
-819507	717241
-754457	-72575
964479	-116113
-957909	-613746
33847	-613498
295874	25895
-919569	549962
-951485	-233440
211479	571224
32459	-47778
-652730	-695336
512	36335
-68254	-963097
-255256	-782056
-621075	781867
745582	249622
901852	332477
-830628	104562
-394400	979384
353322	-813139
513684	180971
383931	-564199
-731195	318569
373150	-225544
618766	308807
595057	-804946
126670	78930
-682868	-497656
277711	-804540
706021	-844822
-539815	-735401
823473	-779290
-766665	-841311
-606158	-559598
147747	177817
232671	-634724
-613511	369788
-142172	226320
-696976	-858036
-660095	144137
-127042	150533
-36404	-677857
718419	915307
-482084	-248561
130385	-47453
-973818	-942277
-588150	747637
643744	532608
-988447	615813
-339161	-915132
342422	-145398
-488971	497529
-434116	367866
-890919	-44943
-338904	-5642
300174	-79837
87673	969459
384948	-585754
-948936	-386163
-818170	829598
-295123	-696135
429253	955328
-153566	813198
-654186	-858722
-282386	-409653
235630	239080
23697	539326
57690	597400
213398	333630
-333160	966747
-847410	927366
577400	128562
-613985	196686
-632111	610103
-621107	-371228
-146356	-933611
-380262	-188384
-590579	-943750
943924	-200715
652431	477245
15324	-295286
646032	808145
-257895	-839978
493743	-975313
28137	595190
738489	763002
-926353	800382
991651	-63056
39628	317972
860644	-382532
472603	416096
861800	-13774
349331	-479280
87160	-934915
98765	-729862
453831	-978283
-387409	-314016
875716	657854
-52175	438562
115205	-620802
635890	188722
678424	-767577
-16555	-114050
978872	198226
-620658	-671534
-230178	-371128
-467832	41099
641888	164781
-58849	-77187
506333	364511
-463130	-306610
209812	908640
-46985	-575199
-230634	215265
-323968	645537
714074	-856395
-297741	401850
448318	-902192
28915	-33181
-933230	692656
30062	70187
801936	-499262
50250	-867908
-347134	-984015
614022	217992
298499	700779
-706325	-414097
791292	571675
-789612	548823
-616425	-750849
-845382	-852610
518808	-683363
463392	-852997
-340669	909648
-660377	924777
-10967	-360842
-76268	-910851
-622646	-236241
-659272	43842
502498	-700857
647353	372267
449681	965685
-200734	-584246
-181612	-671428
822935	705618
-673086	-125859
-541131	284996
-943638	183027
722656	-188675
845600	-196666
57191	-536843
-591202	168890
677607	-808808
-83844	-395357
669059	-718443
-226730	-410771
-844251	-61766
515907	640614
-845013	-914440
-348481	362196
-408194	946062
342369	185643
46494	-362402
978221	-809856
-993795	-267283
-164207	584449
-842784	-187459
-817108	179065
910554	-266922
586335	593448
-179780	318219
9998	-919092
-468874	-137154
731701	-330914
70273	-956385
-966704	889028
-644273	-669588
-77214	451891
930732	-299678
-240797	-571235
446021	394784
644998	-58653
-223766	231739
304838	-75572
-917594	853750
-949583	43427
316416	429565
903136	690086
77397	537507
932964	869624
-766408	-529520
-335226	564030
94825	1563
-494183	-321483
-85949	-224833
319474	-344748
759551	693140
-222650	756305
640355	924465
-318473	960879
465948	368489
-926359	606281
-732724	-606749
-22584	-118697
-714935	980172
-80808	431169
685904	-416189
736066	109272
-621180	-774680
215804	-368927
63274	868564
-551352	704439
691900	226035
-674759	-696335
463898	466165
390330	908008
790124	-865207
104206	665834
920920	208475
942923	378767
-274489	-588941
217669	-640781
-415536	839221
-858929	-24228
-687518	145595
-84516	-414998
54176	-808630
986245	322939
-704132	-912407
-8691	-36882
-42032	623291
578379	-961072
-602251	-722605
254210	557517
-728376	-867714
-731903	17582
656807	539906
-314092	-961898
-757789	-291405
-554616	614059
-14149	-826202
641476	722554
165911	896024
441980	43705
-626428	-647801
689540	-761034
906729	761406
5086	-911597
231275	-550559
-556331	714059
-644201	-329582
-518882	-843984
596898	414801
-871177	-614912
-162379	715975
-77400	-869135
-181560	400444
794491	-688845
-25519	778444
905303	265173
-638203	-971321
-468245	-740677
535684	-49227
562199	-411916
268047	-386102
-64068	713021
-179411	646081
-907125	302986
-959752	739752
-749262	-98549
724652	-72724
14297	-791402
188801	-639557
-229522	338531
-280103	109315
-466104	-193742
-566973	862567
-343425	-76335
137951	579069
405048	775665
-361219	202524
558421	-600392
800708	400747
-288233	890528
-775101	-176032
465215	-752249
-611863	-854229
149809	959130
274958	526624
-2091	-730192
-89341	-235911
-108314	-26158
-19547	610298
816783	947242
494977	42620
-437791	950740
973139	546555
-862714	335870
401118	468005
-684760	269640
538255	334012
-887537	-232521
-554059	652837
-823044	-606739
-907069	246651
-16237	980750
83193	-880611
-865469	-74245
-332293	613195
-740909	535609
127953	-759687
-55574	798336
-778036	628170
275716	-229555
897650	-790935
654750	50322
-811979	-928700
422300	938739
-116993	801105
356097	882862
683172	948721
-370643	380539
-621237	60644
491380	-844893
403861	-31472
-661889	231140
-456873	529760
-889353	-379113
963760	-17446
-471387	-276607
517709	976723
457965	714255
-390723	-287706
414364	-396155
234220	-122787
-159719	-524573
592870	-621391
-262266	-746289
-974186	-955734
465851	485347
-378835	-449011
-601479	-443112
-699207	-791744
-745685	840908
515518	85067
-482147	625358
548668	-36778
654979	696165
-777230	87772
-235036	-698357
-403502	-642801
940587	-628954
52574	112439
28020	-895280
544225	-884360
466437	252592
-666836	86937
-393612	8083
-279987	-627296
-851261	316266
-258253	356807
906578	864200
782161	-532511
-453556	858446
-42442	-922693
-128109	-915606
511877	-984393
-506144	449986
-434997	26475
-518568	-649745
264958	164874
-991747	892285
-182122	-486761
285815	-871290
-921828	262837
989025	-72086
-659284	841364
-939006	999305
-232118	-864459
-282102	-296039
688819	-396098
359817	831533
-221638	77603
569812	-954656
721548	-741036
-977942	420974
-445894	-343495
-715014	-128779
-702081	-987444
27702	850423
-966232	-71855
241017	779186
-520651	589262
-73263	-135554
57231	-603790
-539277	-165219
647632	-674508
458761	635951
505816	270826
659814	-336226
811734	441990
7884	73328
574720	385591
189804	-609913
-582881	264812
786392	904833
819434	498384
-41663	-967137
966435	626140
-132689	-696441
-55193	-818783
-397666	407710
-205143	-586321
40083	-108254
-923343	-129124
391344	747938
-842140	499928
-463591	-406643
-752137	419147
7950	96503
-29910	-519738
536928	-672571
-236335	-409511
-253237	751561
163923	937132
275035	-539372
158452	-275678
218703	-457489
-477872	662595
830494	54851
553108	-646254
162961	-843122
4503	405154
116950	380986
710775	-63125
445698	-901878
-617928	-372366
-148835	-155441
387332	-368930
356539	-649848
472127	-501396
-100094	-454012
578628	924651
-138894	-172130
447469	-754822
-487104	-401519
634645	929793
822254	-473980
705988	-746386
-755538	-379338
316016	981355
321366	-247365
-47982	-830737
-555480	-100915
-555562	111552
-979820	-344479
-920037	484148
549055	290367
201800	-573427
665603	-132060
-628790	-783551
-496170	-886762
866113	-85708
-371181	-218922
749314	553747
-982637	645206
778931	-168215
63833	-78747
-258908	-117201
384977	473296
582693	-975571
-247010	-729469
683784	-2063
-714687	974026
994016	417583
-946495	567284
546004	21947
556092	809088
-532559	-102163
118372	574357
-912805	284869
-618403	328905
-81653	937002
178052	648776
433159	-116217
639514	108269
-182327	445428
238161	-758927
-243955	-989094
701471	936121
-290612	-493476
-500590	-772987
-530023	-398650
-612017	62151
-142272	643433
-182399	-292841
-874472	-696957
797695	556286
-828942	-418939
-234585	473606
214726	655584
4883	967375
-894903	-823488
919652	940290
-325434	-222916
-114192	-121462
-893406	370209
984528	866418
-204604	503616
-714930	-652912
-575973	91097
-277600	330235
-656759	-771251
842829	-390311
564420	88847
-421826	-331260
53676	-739299
925898	-5981
-145985	915483
-236010	-286237
92956	-844234
418870	-635089
-854759	924927
705206	-325493
-12657	405479
655218	965209
885482	821121
873225	-647861
-898702	366681
-498280	-654589
500979	-415818
-800036	458569
555038	-837185
-549509	-147238
-262577	887465
746670	398527
591628	196071
-755103	-143881
596065	-123769
338981	239726
407247	397292
249860	-525046
203810	841707
-393229	673432
-503835	-617832
-462234	835513
-882200	-512635
567273	-813826
829146	-721455
-947905	-872371
744205	-943150
-935947	380865
207407	-269245
-281624	-605488
-230502	535842
-191749	-15394
-387147	475682
244525	-273915
140430	225484
-837384	509572
-416571	-805838
257417	-234097
-390650	-479411
-771424	76790
594694	188044
-288979	-236662
885133	-837842
737047	582701
308051	848363
166200	47923
831189	816314
302607	-296041
-175734	-497370
167543	228182
953173	134408
-633967	610748
-248634	831370
-814989	-237504
385820	-359889
-330687	468951
-177520	583610
-779318	-698386
-840129	-623685
-399993	-633422
828809	357182
-588034	16128
-795269	-918850
-974980	511495
-804545	760472
103978	-431942
-257504	45975
-278565	-143695
-644300	178720
-590190	-401779
-634323	-3337
998771	-885188
945710	909683
-566189	508075
-690324	-409
-451407	529634
633472	486350
-403791	783827
-9702	-100343
-945704	-158078
927372	-911920
-254933	725570
178080	426226
-948909	-823047
493251	-440527
620620	520366
-633746	-257258
-607723	-510258
341885	468606
-294523	488318
-877211	942415
494994	573614
252846	690252
-304886	-663962
-794052	721577
753409	395452
538056	353844
41396	-180198
775369	636590
811966	432779
665557	669637
-124071	-599502
822282	55111
924499	-763424
766757	515753
-10815	-29158
-730581	-604176
709529	385273
783502	131619
-446802	-464995
-448681	645501
-354877	-702486
808260	-706491
825120	288559
679393	413604
902848	-277174
-746973	-177019
512752	248647
943763	-264756
-62381	697650
-372229	-964850
208306	-419773
-588921	28860
-643358	994230
650824	-253277
214101	795728
522114	-357876
836284	838866
62397	21866
433766	878142
-230502	571644
923432	-713528
-940532	558748
329746	29078
73872	-919679
782403	356046
612852	406217
-707068	209470
585761	-91392
-953587	873564
-961772	-786219
793033	199963
-359589	-119783
778211	441967
-83121	11328
233825	279932
381705	138532
-682566	810145
-35318	95700
-519995	725496
139117	-812596
723230	840460
-279438	-737421
970991	115550
972756	285083
-314860	500184
-433258	863953
-574059	-106977
-706243	-82418
-579539	888275
-871976	884784
116138	165995
601399	-43649
401692	541570
-295727	509537
123947	308976
-219229	169721
-691583	307791
695972	574790
-583127	963825
258673	704445
522113	356544
-41536	-681319
97952	-519754
-306294	-68427
-192466	969980
-770947	928987
711179	777872
-525113	488126
241354	872697
-88657	-291942
-562775	232779
-973378	233522
-310490	565126
441292	480777
-176578	475274
-725503	-703224
-979932	279077
-854142	988137
-634049	-82880
-10789	1497
-20474	-422077
-863539	247661
-167346	689309
-155016	-92485
31834	-857078
-545589	-881296
706351	-512651
-936421	-137556
-30810	-737583
-745798	-451167
-177604	281938
663257	-611997
-850360	-616422
-61433	997036
877467	-720707
124613	-852381
603242	-62883
-739493	-184526
301714	-642977
564584	-814128
-210629	-703402
-267517	136642
-498211	955824
-362390	-368340
365544	-732572
759948	-234354
772405	-88240
-283334	864444
273466	713875
-317946	-253628
-690671	-258213
-29521	-250855
853837	572838
165941	-457986
369054	570447
-693438	875733
449999	-271674
-117973	644526
-907962	-633927
-689391	623363
172649	-891893
-151448	-436112
626592	163500
-621509	-304810
120436	-827865
-884784	398466
262055	78706
-433585	-801164
-813031	-255167
-130431	164323
-60562	-571024
-471836	55520
-247413	-204083
745128	-466626
-102068	-455532
-365992	250520
-182925	-878089
-932856	-671124
559474	-369465
-632201	541360
-366877	388723
764257	636156
15120	372269
955348	-839690
418045	-86328
36768	856601
433	304485
-847762	992674
-167453	-342048
-250036	-909071
607815	296202
-577108	-388774
961013	558260
-937299	-874074
860019	-487733
-297831	-197878
-258220	-843082
503186	662124
758849	-395029
487049	-773778
224599	460970
-413485	-481616
860995	-388159
328012	-720185
242221	-211788
-381578	6093
656336	788417
455256	267148
-636455	-792714
-58034	842197
565995	-682002
422180	-540285
-293572	86132
164378	-31307
-526557	-866552
-366656	-650976
124682	-750255
927471	882146
726511	637450
-915472	563047
-962951	-377796
-207486	-566403
-792439	767848
793143	-345038
34349	620289
158404	-974505
863204	-91353
-479292	752203
-844011	-644454
9960	-227413
-63492	398099
-854545	471140
690043	346967
-356611	343811
-249731	53078
-38704	448880
103821	-623735
511022	899206
727836	214204
745859	565979
856603	961975
31651	-202198
386425	-854526
860216	737030
-831147	721927
-436986	196935
433245	-998534
-363559	494191
370450	574119
630401	-744766
-302200	417003
277657	997152
-913173	84625
-276339	616976
-940829	46430
-363104	-255110
475172	-906142
501946	980621
-567636	926631
-582537	201489
-93179	339648
800161	531876
436488	-209943
787631	-462471
951629	405305
-996794	-137230
-791749	263846
174348	708687
672500	-713363
-831794	-715250
-72372	682604
815954	295617
-614128	428681
740025	-246950
337812	923529
-519211	-624464
120046	944274
967099	-675782
-536940	64934
982651	-314557
451219	704104
16936	-234316
883695	-598068
724672	-181178
-417131	-131004
-980885	-194313
-820896	-72803
552505	943494
-962413	794066
-214956	-116925
309575	-589671
-950014	580814
-322593	444282
-20416	740453
-286212	814644
-353134	-588826
-127706	-418293
-883676	43708
-381997	-715453
-311208	445068
-525219	120986
-180825	172120
-681348	897186
-587146	-494958
413014	57437
-551150	242053
875377	305638
7959	832899
98094	-705229
187983	-495420
534482	598754
-939706	-283414
-151687	353857
-914160	714321
-23522	-93625
-976587	819887
-526505	973079
249198	369314
-851681	340449
-776121	-508961
120958	451410
-574777	-193678
431560	678338
254113	471982
-630374	-713693
-587049	-214065
113656	410441
52070	527521
154016	274711
-155397	797682
-783834	-544064
850850	471247
-484334	564080
-786945	-214528
587602	520037
498222	575049
821650	22491
332112	479315
-700090	338639
971984	-385638
-782293	-583371
-469816	-760775
-851232	43612
-719380	37519
205264	941746
180441	-342996
916306	517719
515787	-493091
726687	705282
-517584	-219486
-639655	-210481
720704	-588186
-781123	618057
-54226	-952363
-273667	73635
505153	30475
733749	429879
-808077	354590
829418	-308556
-468560	-604689
-780168	-951210
420201	-35375
-868410	-295051
893799	236017
686112	282721
-579266	-109798
-162798	803092
178106	-939904
-152028	-557383
469931	-574660
-509032	-518387
-6386	77060
440681	360806
682006	345999
80881	-226956
-957978	175641
-77801	-723056
-421789	-204564
-287361	171424
-516443	43062
-434911	228981
230194	438465
600697	361887
798477	127846
-46261	-906184
147603	-625322
960796	832725
419489	-501400
18418	264140
-953775	-458262
-728746	-190414
444075	725973
473123	423050
-91589	302402
744644	435159
-101299	-180199
960692	-989974
-451963	-22177
859772	854493
300320	-981071
-517952	-590911
-754516	934146
174725	-383953
170576	-71613
-570154	802406
209217	323288
-674740	709211
950005	-79766
-168137	564062
-687640	828886
-236693	-363142
-301415	283465
-83088	-148208
493201	-859924
440978	-220782
712753	486602
944850	772707
40929	-732838
74664	-327621
412406	920879
286035	-234988
85317	-943424
-94658	332988
246105	-537578
-147250	845752
-690514	330819
-373442	774862
24181	-109567
-698403	-169355
-983470	-819143
-902844	805382
629089	-233754
-238139	439393
-348594	970660
261632	480874
-160772	-118927
734292	442108
204024	-354144
-494900	-563249
-361880	-283388
-615628	-187692
-253976	319567
545020	-569801
-410066	-265844
402536	950105
255533	-948818
874937	-325503
-758655	-222683
835685	-715200
-346030	988319
249401	700795
504592	-957315
-429382	-968651
-600118	658246
-483139	-372775
-671031	339764
-907218	470326
-83902	-176196
-943920	191300
-665337	-848836
445041	869164
802321	688797
-953723	621669
-976617	-981110
-554602	-998468
-349281	-222263
-892915	802735
758902	412209
-666999	71563
-612341	-629148
863528	-195159
770054	-498372
-887555	-752797
989110	327413
-788342	926816
914862	654698
818046	907108
-108205	-834553
856229	9811
-105850	-379456
871395	107337
-67578	260496
353146	-846590
-650196	921581
13973	185142
-344387	-653114
241392	90639
-220823	469471
326696	316842
-140182	411681
372976	692281
164048	968226
-137196	265484
-757327	-846722
-315559	846732
-532311	400035
282927	-880527
503028	349863
-174605	661650
261702	-388902
674017	217938
370470	-911436
-160219	23823
816964	-311150
-387053	613055
919399	426089
487284	-715778
965585	-390877
-41196	-223217
-350666	378944
425637	-950087
410181	-604199
-546064	635788
-280456	-468886
-200068	81796
302762	608735
-405056	141695
172714	91559
-522672	-671563
-99231	824494
-984784	-400245
470260	864580
-481436	-698976
722031	142237
-478536	-152088
871997	586354
43767	457716
-731256	-192376
514910	-873788
-360721	674086
643436	669782
114345	-503862
134806	259065
688667	59167
-873914	-822839
-158763	578949
344272	-531009
-596777	-416832
-253600	989344
672235	-367918
-891964	113373
656704	-677646
-429418	-589662
377419	978478
-395489	-809504
609753	-490335
981902	636829
826426	836299
-921936	-20743
120498	711691
272724	-660116
-30564	828946
447181	998763
267744	512174
798837	251321
33929	487476
-959976	-986458
529871	-89418
-175194	137677
-565573	-27736
772710	-774744
76794	-87788
454912	-542267
-990469	-445971
-466131	-317634
-950586	-354177
15607	26452
-91513	-748286
779002	-41616
-406977	66519
-792436	607465
-44481	-784992
942328	-709924
-898156	377059
-770035	-918222
-694488	-94616
-217198	427775
380173	443838
-579305	-444285
-563243	709063
-44744	942837
-56202	973194
-959012	-843563
-486747	339672
-493953	-297121
-846218	-408443
77103	59140
71439	-702451
692932	660405
-54304	-860498
508375	411746
-622912	-617552
-932135	32036
138614	803302
769967	-232827
551078	-970018
-242866	67325
574935	-435761
-246005	-343706
215959	-601918
276096	-541590
-563858	-390735
118121	-541343
522700	-593685
-138471	-540941
278969	-316512
-679101	270641
-19790	-268053
160619	-87780
841134	977312
-819844	-217284
878697	-343805
-633499	-381939
-47572	442159
-471264	-580924
903674	-312703
955013	-140457
-858556	-171370
-539461	-131604
744947	-783138
-388742	-53840
-791123	834322
-911096	552568
-993411	-869583
857158	-670343
64073	790342
-268789	470626
82344	801880
707912	398089
-390115	-843776
98561	675264
-420604	461496
-519547	235448
-455689	-864158
422090	-544856
-176482	-892387
-165361	-703781
-744446	109665
-467335	294761
392649	54567
-749648	702891
-27435	-429134
-494377	902202
983650	-561153
701006	463555
-45056	-535877
948492	195842
-542453	-311815
715644	-151668
99930	-32054
-523433	-216924
245053	-234053
386461	436870
241738	703968
550667	-867744
845332	112268
82744	-996734
-673911	-235800
-923020	289186
-349021	-614092
393093	585717
572097	133955
41956	-310374
-475284	-123860
294777	-553058
136911	628706
761613	-891575
870203	-314052
857191	-360921
567926	10819
522915	142213
80021	-193263
282504	659408
851124	-401256
872968	317475
-305909	536612
-423044	854236
346645	525148
868176	-150610
419829	-999892
-563252	-894042
-665391	952856
825848	-201390
-934204	-476254
-718024	-35185
-573056	-394909
526728	-827585
522345	63114
306779	364089
-692698	761337
-618006	184891
884796	760764
-39890	-549239
202153	888625
100478	330365
-726103	-725124
384567	-560778
958825	-589163
-53064	-346552
-351849	-297439
140113	-357620
-818877	-699652
596428	-31424
-187402	158944
662502	-420590
-735291	-588176
-975063	-825642
961616	676747
-595722	-282017
-808419	-814545
392967	-393301
825690	563528
74840	-735385
-816158	-516818
-983580	-820848
415355	145768
-999696	-367350
302580	-246819
-915116	-325541
264375	-306388
77280	-525421
-901710	-659145
167157	-304527
680037	901652
976170	-772669
-922186	903339
117352	-932768
-825744	841025
-265784	-497620
517212	242575
24164	841519
524586	751779
574432	-530146
-192289	-803871
-261655	-114920
-573711	-869429
181566	-637254
282584	846444
954550	673465
-712951	795758
-979841	-9753
-561138	223108
2886	853571
566071	645378
-849331	-778827
-603887	-558597
907800	273332
-460144	-831898
-744318	293874
880033	-387321
-757275	919769
-883323	41846
959791	-31079
-267432	-220602
826009	312949
118173	-558275
778298	-610624
-3462	-221997
728466	114830
-284342	339751
320679	280499
-418067	-336911
117370	-204485
332889	897010
-51628	-460838
405199	128725
656795	480296
-734168	-656557
-432262	-168138
96150	-468616
-152546	298078
-378233	-15903
354722	690841
-780006	796278
-149491	439770
397935	-962915
579703	-764373
-581733	-741034
-14361	500619
718612	622620
911287	-644479
944743	835256
608012	594162
867950	-704968
-337563	-302696
-948708	437501
608287	-797403
901715	-924364
855992	-438689
-483805	-442124
621480	-756585
672496	-12698
354084	-986730
201965	-921242
661332	89686
723313	334080
-751221	-926276
143257	259863
303860	-3749
-608766	-415818
-662126	854302
190289	-507776
67764	17735
-913961	-661392
-286929	243165
-639758	-675880
29517	-107393
62935	105436
16472	641335
399247	-80196
-257886	248772
-979098	492407
-542448	411437
583759	564233
679236	422783
239723	540382
752542	-590247
481788	795866
-60241	-252984
463944	-706564
-157643	769389
-250520	390977
162884	-711988
41760	-406552
335340	812908
890275	-636730
607947	800000
-760694	617696
-852626	-281321
-557771	-579536
-280119	869419
638460	211135
-404322	-30002
603252	-810202
151350	479120
385411	16281
31732	203859
-711302	753782
-263542	-137249
137389	227951
320711	815169
366135	962821
595207	928329
985913	503918
-134892	-232244
-375483	-384544
813617	-93580
-326476	282337
-513599	487753
-264801	512192
-783404	-75777
-945153	-711664
322376	-470054
-123020	72856
259562	474919
-413479	73410
588659	-168724
562634	535302
-782956	178269
103608	-293289
-106244	473444
-357083	78066
796410	-488790
-956730	-327038
318607	161210
-386449	-388688
110056	119424
-304930	-838759
-454165	724586
305544	270004
-521617	994807
925035	79038
561238	834509
626903	89044
-911246	545182
395380	915930
284532	830982
256768	-256010
-997056	703065
925884	-438852
340137	667042
859703	823574
-27598	-863479
14011	168910
980439	277923
-544064	938509
-866651	-640249
781385	-679777
549596	-200430
-451941	297207
-383677	-529860
128035	991021
123808	149823
600127	-348171
-913574	938387
853359	-36969
-979354	-406069
-403153	114048
220418	204259
310149	-865406
-790810	565828
-523966	-947705
-894476	-878324
967920	127277
-926186	-430591
-98813	281070
971199	4261
-518882	54564
-539644	51361
-884519	-199359
383683	-322303
747817	243389
829838	555702
355376	653665
-75099	376580
-677918	284738
-737756	832920
785028	647876
775331	525617
998054	-823563
709610	42743
771951	448462
234752	523840
-300855	526351
-250855	-910718
-391087	681109
-307623	360353
-469587	-347628
799010	29750
-727137	907852
421720	529683
-575900	212378
-172300	854858
3872	-467573
-870634	478062
-697467	991098
-725490	90274
156040	-69077
493894	161682
46350	-496220
843286	-234757
-117829	562790
-466693	840559
389749	-374693
75403	320854
-997655	900089
-245669	939212
755552	434851
-484956	-37643
101887	-363610
129573	766266
586354	121723
227488	-127097
708362	-922570
-499141	67714
-766234	-870354
605156	-533039
-397898	691545
712713	-491791
-678757	918567
-53973	-582509
-266313	-838726
-621553	-286297
-424	-958039
-815454	-767604
-814657	-886417
-780775	919720
-98313	-184494
-550	694927
506643	-271116
-58581	951082
-346271	-383498
974638	-35328
810925	589030
417518	778879
963558	710993
-683470	-205330
23311	309496
518251	-862507
573909	-40066
407969	-166173
721335	-813858
-760754	-444132
-668032	-801460
975669	-667419
240114	-327809
-908541	431433
700850	162094
-841254	-857455
107390	-62902
602714	-714020
-852871	399330
353942	-729536
-472440	-12863
490070	816319
968616	-766156
611801	-374686
-209096	203733
-676576	568654
-54804	-637737
-944349	411919
-548640	-767571
88650	-656046
450089	-144885
897391	304894
120888	-394596
-582781	-979642
-595333	-234302
-437455	505721
487881	215189
-795141	496065
257407	-841635
513729	83587
444002	-29833
436127	-148050
573587	-797174
-290583	-192193
-645380	-928252
-447607	649735
94503	383758
-681622	-41989
-279254	940156
924308	-463918
63945	-386775
-170523	892624
-180761	855352
666964	-300794
857005	625523
-688086	-379013
-544396	662155
-768427	-899560
584934	393528
-375090	3468
854784	294820
-523309	-443610
-915635	170118
-569677	-351921
-501615	-986636
-108898	901000
-231185	116672
-165071	-341489
562148	-580352
-818844	54454
668140	387564
-549397	-72097
-533916	691484
-636385	808005
-25512	-204310
90336	833615
-145952	509066
817299	-453685
145291	-16040
148972	-241788
-649258	-583011
444952	-773673
92605	-922878
-307243	77085
-949365	553349
-46748	214542
79150	-588378
-123318	-494849
-732223	580734
-66147	-252943
-34361	917446
-585038	-24237
497147	197852
-857763	654803
320841	371672
-45062	-546757
-574261	-680451
-799656	-402714
459901	181338
714270	212495
68407	-753079
486454	666072
68259	-53510
943864	-80800
880146	824464
-970733	218980
504112	778926
474909	418834
826533	810064
-550277	855463
814121	-54286
-815885	969162
-633328	-102497
801828	783491
746293	921211
-741235	-689513
-553450	402089
87763	-534257
490309	772889
-836200	816854
-22376	456574
-526465	735463
-332241	310526
-10739	-174263
-664460	-643301
-888601	871580
707476	-657557
703606	-680743
817344	114271
-621822	-294213
-605190	-559037
6577	218788
273511	-463742
-887126	715647
358143	-647896
981345	-446380
121250	353611
-562711	615162
-801705	-176511
-223432	-599190
340048	-701683
-98046	-998601
-839042	825202
501762	-187703
626390	-10175
310062	-687186
-392208	526173
-461421	467897
-546148	12559
784324	-456707
578068	-566083
935586	181510
75460	-595784
173068	34606
-651431	756898
-135371	572999
-899308	-264822
-955623	884654
829164	-796848
861739	-928084
-526781	117464
110742	-193793
-298262	-871513
771787	902163
-149461	-922299
544436	960061
158936	-612097
412710	-591331
585125	729059
82979	371238
-271022	425120
-248238	475979
-838051	-411805
-638534	-822792
-463662	308284
959661	327653
669260	42941
78595	-534530
-799905	667646
306035	268977
-110589	458446
798987	-885186
-23411	-223320
-190360	605005
802224	55038
-877082	-285884
84084	-196711
-466470	136783
775540	-248057
132647	-111991
265855	-332178
-450748	912831
472797	-472871
-585860	73911
720510	-342315
-869294	-56064
-11075	487334
-390694	476012
-313266	944016
368469	423500
-423105	-388666
959288	246592
441807	-406093
-296547	666539
786280	409697
-794380	278200
-403347	965677
-400360	-924162
-663378	593732
-595903	41001
447850	-126083
-995509	-431917
-437289	-679129
512353	769011
-555542	4122
-798979	118596
-974283	476613
-407342	601880
-507489	-484258
-280192	-975703
-420629	116220
673150	-488547
-987687	-123952
-532459	-896831
733225	672268
-136071	791020
-998340	353515
-201568	249397
-633470	665486
-289405	-85535
-802876	925570
25702	-385227
-994931	504871
-680432	-826304
-628544	912743
-731153	947446
-193392	309032
-691919	771982
911703	546870
48109	-629430
431650	-982374
-241038	684439
452076	904049
-130220	-57874
-724364	121437
-243229	-576713
939394	82024
-274716	-770632
309641	501203
726109	-622734
304710	-505126
447375	247108
-133438	-796009
-21373	633010
-689028	-269141
872473	405862
-955465	-964063
-284592	-402474
292350	67302
-396690	44849
-996461	-604063
-993883	-457436
644373	-599455
865637	377979
-192287	951081
-203504	950441
549136	-607025
269487	387012
-80050	633120
671953	801390
562009	-541587
-117892	102560
-534606	-25113
654782	704156
417923	-345446
-392048	331410
375239	-990724
-279540	-117699
-104592	-946460
-154136	-658608
-6778	-499374
881468	32549
-245240	-241567
-969659	-2959
-86273	217160
832631	641189
762535	7603
42465	76038
-85976	-714240
809988	-374430
-200855	866705
-59771	-956169
711666	-64761
-223142	-356556
-885434	502851
605080	97142
-140969	-149184
-766641	312745
-985766	750310
141670	-438235
593148	651461
-544743	-811261
-317536	395856
-70824	-782605
-899428	689823
-696771	646913
480980	-472144
245350	902189
367241	184206
209873	-418318
-642089	-742235
-516114	-163297
768659	859237
450423	272034
-491539	87653
-768415	52984
-383811	784874
-976426	-361872
389264	-498562
-906094	868244
250144	31319
-962449	125058
738196	-877011
-823683	-429581
135558	-444846
281393	-936442
-742817	-416966
-848992	-297870
778323	-888760
822046	457615
931322	-743017
-297806	-920795
-335470	839778
517455	922002
371369	-930151
881341	200083
612708	-76389
-730844	-568976
232381	662768
-722238	246219
-108532	535582
-631267	885307
-634774	969048
-439529	704224
-71658	-100459
-254176	-57229
-756812	-743738
-50488	-100247
918632	-195291
-888985	-810852
-446808	-372432
-852830	-165971
283487	-691706
-452782	-912777
-268759	462902
610063	79446
947730	-775881
-263029	521325
624529	-879177
857674	-245919
-883101	-913187
907015	-405377
947478	-338195
-547309	117386
-485948	-5018
-154020	-302337
-859528	-683312
292053	448942
-831238	260025
-272957	714623
545884	496503
-599193	-387918
-795822	626439
780957	50605
601815	-652353
426286	203679
905586	614654
476287	-864505
-338490	769494
-528405	438514
-183318	800517
-100295	-616673
-392755	310447
-438235	776437
-679192	-927199
650998	699134
96780	-247969
759219	924618
-858256	-880496
416988	-211747
-168074	-517864
-325150	570223
-114347	428081
177748	131706
-671222	-482379
-124166	-756460
446227	-435597
487719	-596413
-776127	698216
-419932	-836894
135433	-825752
-324913	585055
-171823	-503910
584128	791609
-4635	662698
-497712	285424
240854	303425
102851	-903197
731871	927977
883552	730393
-640712	-835673
-969736	536033
239114	981995
-147306	-977232
27742	515375
337482	285522
309270	439610
-425056	405604
85002	16948
622210	922287
-556211	-297096
780611	-773291
-954428	-139526
-94953	452437
661440	-336959
393574	-380322
-677557	389436
810630	-826130
-915559	-442409
-312203	470064
840985	-210398
-110957	-391020
-470620	-59616
-253590	-3320
275413	-992996
857955	798397
-347612	400168
464972	306350
885988	-32435
711469	985613
-290737	833244
433422	-239254
-264357	-892999
577640	715480
-156406	-126181
169423	816739
-687550	36419
714056	-236344
-596338	-780530
771869	-542034
-739918	-115324
901017	-391128
-901405	313111
595456	-390448
-571826	167244
-472704	-128946
552396	156277
309379	987096
-214806	381151
-503887	202264
807597	-454616
427640	-629021
-599701	-369643
-656366	564272
106779	-421183
824511	151645
340625	725400
518045	-638908
134099	114463
-621006	-199312
-948527	151821
-579545	72298
892538	35577
880517	449944
216707	532091
788995	821775
-181040	596233
812430	234605
437270	696278
397495	-654604
-744701	-325566
776452	149056
367523	-15859
309536	34484
-440589	-816129
-388444	680968
841138	-363907
-160932	-552678
969692	-182190
420954	-225542
-858611	-421085
-493465	-374539
718904	746386
-896653	595763
-120749	425205
-491166	-534476
394224	855056
235320	-777927
144244	773963
867268	-683534
405144	415609
950691	-639352
-578829	922481
-910907	967581
-280712	-735891
-815831	432557
104893	255086
442460	-159463
-218137	-352248
441168	-218828
786044	253870
-848882	-524368
-619272	-955379
905151	906713
-466131	-77391
-609066	896012
-837935	116671
95337	456819
266593	-305480
-1641	-662125
-583141	-529180
-359186	536062
936427	355122
227045	-730577
-627096	994867
-331113	253636
-268772	-987780
-583254	-357853
-782781	-907782
-99552	-931747
798752	203664
221155	636469
406798	223635
995386	311846
231341	-517789
-427131	668793
-787588	334703
752580	681761
-862336	57408
-478331	88286
200178	-415618
-930230	90986
-40105	-779865
-833121	-378089
316282	759450
507455	198303
766155	179053
-499290	100621
-992533	602873
-23003	112882
-207416	192278
175535	248804
-368018	-274136
-289032	840009
-500007	511034
-822365	572051
-938092	129182
701252	117408
705380	219060
-418108	-214758
90649	298044
622662	537810
-387526	610920
-555980	289461
-61675	955504
232241	847515
999606	-327662
-494294	113651
461900	856726
-505135	485920
-905614	209279
-859325	-873733
-402174	409062
30929	361779
-778916	853052
382499	796479
-480142	816955
829990	-867270
-493846	-268364
108281	-510246
-246254	312688
917883	-370047
-815600	175558
-500585	334458
108064	-568451
782839	91631
-962977	531001
-957956	228460
-598778	322947
659887	-385517
-381432	-442398
881717	-969676
-519003	-744324
-975726	173796
-169162	730528
-795566	41829
-664473	929229
924863	934011
-763403	871731
-810361	220426
-22463	-591322
-890299	504052
926562	-138809
589729	285825
-701020	-178951
-694741	-351847
-343355	644496
696500	-399476
83820	-848369
995079	156131
532934	-479672
394325	880577
-523597	262075
184580	319162
-284107	868757
82959	429193
-117322	81685
260596	-663289
-58854	761401
-102325	349851
-690713	191607
-304412	-959209
609870	-805532
-154886	-46316
548844	-626739
354489	428599
-736414	-779210
-107283	143379
-18186	-317624
744987	-553332
321040	508836
-890910	29679
609172	921072
-95700	-488873
-506047	-521047
355909	252178
-795806	-483574
805532	-343589
-730480	797325
810357	163884
-887883	663
-210501	-312722
828395	-36321
927565	-929471
20100	439256
-384900	-393154
-306457	62594
-971876	-139248
-384478	76606
966984	425124
-378210	-501830
438748	704573
275087	387641
-873482	23299
779048	569590
45250	558719
-435694	922055
55690	685907
220442	937808
739255	-873002
-64491	-481544
-741052	-232339
-222583	-160486
251999	-812271
60874	-39421
575233	-146661
-793873	-543122
-478192	-834330
-201685	798314
-499906	699068
-63389	-100131
-429861	-350195
164121	810902
-88975	696506
-443515	-584382
870179	141177
-877917	-684878
-922145	-515625
-791113	211666
-394359	-438044
398114	70164
618228	-259839
-793273	829142
56977	-560073
-601089	14904
452800	-666725
-547271	331290
623007	-102621
139774	-347375
-319623	-373277
424886	-976202
-559738	570546
-345083	285204
211428	777898
287845	583206
908405	-882055
680526	-614084
-329434	-606775
975379	-750497
-368368	190243
-310208	-176128
653045	673095
179086	-758539
129636	-977434
-231085	457838
820332	-439488
-694439	944329
-429845	123876
-397434	-281026
-576700	825268
606259	919937
568130	847473
692126	-825935
-968224	185751
994511	-753067
551606	-57930
895762	113241
-476294	628790
200887	406660
642772	-102461
-312144	589485
-67440	-796773
-124536	573531
-108136	-280708
881768	954440
-555228	363928
-926273	72240
846911	231379
-280755	347150
-415305	-224923
528615	-557978
286216	499586
552410	825922
-493213	-15699
-853363	583280
-236661	684462
-787472	761669
590007	659105
505923	-718014
-622762	-963032
-543642	-825452
892587	371844
-573384	-599579
240809	736533
-942772	554496
595103	-999861
219040	278112
97443	644561
-868618	186246
-701006	-416425
552502	468840
119954	286204
-354848	161206
541244	197077
648206	675672
405384	-731933
-443898	287323
370732	-782488
-841643	524363
78079	436807
413373	-32495
982472	-923148
85531	-45311
-739471	696146
-45981	-121696
-324756	-870287
764942	-285165
-86193	-636157
-761565	-828885
-905969	-499892
-568754	738420
-937197	-638712
137356	-671111
-89389	291378
-701378	531734
-699798	47415
372712	161305
-712634	-69446
-836424	762468
199320	693502
821747	-62034
241779	335049
-591449	-2785
211076	-151750
-305619	694878
-371554	-681007
993301	266395
515276	733052
-95410	-737953
563448	-214064
-723963	-665196
-675638	-578579
-130850	-220475
-366535	-602211
693683	-420450
861693	459687
-108703	-694840
-844013	-573031
-33410	934743
-964432	-559
662615	159212
-534679	644121
-828247	-868498
-816071	36919
146936	849120
-717735	-131645
-583269	550065
-875681	450635
9867	-758673
870127	-510188
859241	544515
215320	46246
-177410	284881
697082	-665156
646998	-786178
49809	759557
-729086	-839796
393071	-443892
99853	-412318
-262661	-468233
458771	844202
400015	153820
-445809	-999540
-308042	656501
134842	667122
192839	189481
-224229	556507
-654203	52978
95348	830538
-522269	512310
702751	-161596
-887286	245070
348667	-894164
-846354	-465492
37341	952509
914159	-103244
-120047	-740031
-269102	585690
-394983	-544368
-389722	384738
251020	797332
912333	859432
-360086	-78113
-713293	105176
-437985	-356676
975032	-368259
902595	597863
987106	-455874
246744	860680
-197612	-16113
120091	962470
-257205	763030
469013	-74528
-406558	926401
351281	-124950
342618	-329458
355172	-587378
125550	269611
-707191	734346
987282	-93831
956723	-487204
104870	-286276
52632	126071
842978	-976447
-324462	-168819
-722856	939754
295400	-543025
-470367	-118840
440917	-773143
969627	-920809
256281	-120133
-356729	-398882
782499	523506
744966	-753669
-97278	863378
-462728	-618373
137929	996744
641185	346291
445269	-747364
966030	684814
-798445	-861005
-198055	465230
-946106	99620
-306215	-17580
881885	-970554
81712	-723933
-265427	460661
35537	-777627
-961107	-604130
-510815	-51142
219665	656401
-509852	210504
195466	-298404
-546766	345681
-474047	-827144
-875723	901991
-794341	789270
299319	949702
249593	299168
-400308	472833
196288	-426855
-187688	-836372
690881	-696139
790833	-725411
-186451	205008
747411	103865
-361525	-367786
302203	-667568
345688	-108275
598412	305058
-428445	219446
-860384	479560
-463146	898275
217133	310269
304253	-585492
572632	755975
-843583	648433
-758151	180493
666568	-752548
873088	704129
161824	-635705
707103	-897565
951149	882073
-959252	-579475
-41593	-818707
679330	-777559
-81914	-453054
-813383	345716
-791933	496897
-113244	308086
-837622	-495112
-226180	-817351
701341	595644
62816	-474133
760435	-947734
-177147	32591
-955267	850638
952110	92981
-847092	-115147
-847330	445593
850020	31824
-967723	-252681
-319045	-51842
-19480	470861
323981	485321
242457	473091
-36188	746947
-742395	-356088
-28230	168016
-27698	734353
-557987	763932
-351447	-25670
-881604	-728004
162512	-80381
-494515	820680
256353	-868022
-456744	642645
354238	527999
846525	330141
-791522	-237457
-122270	-119441
-928335	501022
-659189	-664931
-936234	319601
350655	121296
431684	-779566
-615155	128435
-95001	231139
-845449	-553105
-481366	402482
575090	495752
-533229	235339
-963855	278138
-660103	254667
-204144	700668
908586	753000
-284190	-963051
-690334	882686
233545	731252
-314773	-249016
-313768	-695184
-771324	-488748
-916261	-983378
-710839	-318549
911370	762841
45198	-855930
707665	-556042
301656	-17494
286479	450713
479279	-30067
913730	-676609
716389	-112159
741141	-403842
-578061	493717
-188694	590781
65572	-335687
-282636	863217
638752	465593
154575	116379
-193938	-810858
-819852	68408
-259930	235110
-754684	-493997
538492	-805553
-405003	-874882
-913163	-196790
689654	760054
-115996	464443
691744	801902
367785	337726
-285380	444164
-700236	53143
177854	146492
-130772	-917586
690165	415317
-603856	-500827
291844	404870
-616576	-165424
209022	465303
665205	-179721
189045	533515
492059	-726140
-878818	246786
-766087	524043
639986	249351
-854362	641553
365786	-263498
-235236	833445
920761	159824
-512050	358112
-130769	-791720
-798470	87061
-210736	627703
76583	217241
-594088	-233821
-318338	-780075
721710	195229
628939	-918008
-460728	-585174
922351	173077
227588	461859
-7704	-67952
-813232	280260
499430	-841454
-826066	337833
-72537	-694958
395753	764710
616140	835352
496923	521630
-89610	-36941
-993300	-14941
-888957	317474
411780	-226094
972190	-301865
178899	-143522
596849	607586
873612	-661957
198864	-554027
993818	-870114
813448	335054
874765	-473033
111082	-788181
475904	125340
-39359	809248
-899755	360391
-978864	-368635
-423713	-310125
-573521	274882
-29850	316429
-863870	-381676
635549	527263
343108	597441
805229	-816288
-150927	-680119
-902122	-702028
388095	-321055
-145465	445420
-697022	30986
-597919	150620
-620538	-65857
-963070	390969
-603488	718135
651448	-204999
-785084	578262
432433	-706717
-853887	-666500
-298485	260829
-124718	-785777
-67917	-169450
-927775	-897198
136703	204932
-523967	-45474
69337	406089
-44489	-958169
379429	-809352
-4732	330282
-640631	-588148
378770	-740715
411911	201609
-194061	232451
974179	-210765
-589205	52046
-391057	-667799
565596	-556944
-314423	-422653
844083	-745822
-634492	133434
81316	790445
340209	-45
972402	305210
-948404	-550247
-441746	967734
655121	731761
-189333	-212320
939562	971123
-414677	346361
95121	541326
-847923	-128959
359521	-62023
632015	808669
532535	-292490
743765	-863042
-339746	93439
537339	-546227
-756474	857449
482641	468312
-560773	302588
95601	-550283
736874	808862
-325727	-952244
448959	-357813
662798	629450
-811993	925606
52208	-676143
-280412	-350599
-856292	-602663
-33103	-236656
-653623	-631360
-284287	694445
346543	327124
-340725	-926497
-668839	-567823
641453	-622881
-324383	563601
157542	-658425
113971	885216
-70866	-784504
-875629	-983278
-507930	-135438
-741939	-301927
-16883	170452
-465216	680332
263648	334429
662740	198877
139798	-528492
-832549	-777247
457033	300933
697362	610022
232541	-971123
-443634	107562
-291840	905794
822964	-414573
621045	-979905
-10531	-67950
-720467	234231
644963	202609
891048	255969
708656	464946
-130392	377104
-451583	-257506
-907804	-103040
-155758	-487735
-728218	567732
-331056	506604
-134524	691898
-451576	353931
248491	-470931
730845	654863
-293281	-780960
579418	542165
-502161	517911
874661	44486
41764	-12799
152553	646738
-609038	210100
-914533	-90029
-841060	165230
-27422	-117755
-329600	516560
-459250	291366
245842	-870338
-761139	646415
-124407	-197435
-48030	-111559
-7889	980005
305532	-658363
-211153	-32959
587641	-406997
-227473	-318286
654553	776085
55878	788563
-944347	751920
-224252	463907
-177149	-744547
-890502	640505
167644	-800817
377408	-770806
-495136	219767
-650058	673999
-110964	197946
323119	-602419
-553453	214708
166241	-610317
433571	91836
-128255	-695318
207100	47467
922436	294386
530114	-443194
714779	499957
-873204	-69325
-89160	551095
-623907	188779
293747	895656
-658936	187969
-162888	-33410
-729389	370442
899941	308556
-502090	-642724
465309	617366
-581287	396170
120592	-168533
-772050	997459
-715729	884122
-229019	581853
-996454	594472
-794534	-984149
373209	-195893
-857984	236105
-215292	-878338
-413569	91992
400346	413661
178726	946806
109948	-997111
672264	-86222
-738463	-268276
-657697	332518
257171	-206947
564072	232989
-345286	735155
567159	-413667
415974	293033
571435	-765312
-599889	-100755
375238	-393932
-132376	-665110
378880	572895
460349	619117
-211787	-282965
2516	-690201
-351572	261721
1909	-418961
-538968	-13286
-124595	-594399
-12804	324011
-883281	-704330
810875	-230678
-93242	681046
-695581	620268
473210	233205
-263652	403771
-220673	85117
-306505	-802824
855711	220640
-925674	-146004
-488828	572394
891570	400531
-369867	-778089
12731	807758
670267	343608
-896139	-357607
993021	-995622
-860977	77725
456537	-313259
659406	-884928
339304	-214799
-901601	501152
-284563	614648
632958	-182611
425095	454054
-22366	329101
-164141	626399
49010	-475759
-666440	-418415
151119	-511314
386264	631136
-192161	819051
189959	-702635
993421	24023
231507	59052
443128	217554
356550	-824865
355770	-163945
962425	288952
-653010	860906
-901435	-3776
-996812	-623125
502855	-103501
162388	-323677
-708000	-781355
-635380	860074
-468154	282001
-556153	437380
-825215	773761
-721284	-964054
-817594	-681137
202294	659388
-448146	749088
849649	15628
-269877	420159
417352	762814
-834509	166526
-584955	152377
-804844	-304859
773694	-435888
-201725	-4008
872575	798732
228519	900084
-488144	445668
264359	-984388
-763944	36950
-73535	495978
